0 
12
     0   255   244   286   163   119   498   264    76   585   224   297
   255     0   699   757    59   451   139   146   240   369   235    44
   244   699     0   197   251   350    75   136    30   112   353    17
   286   757   197     0   381    76    54    69   184    34   130   569
   163    59   251   381     0   311   529   166   240   263   654   184
   119   451   350    76   311     0    85    50    96    42   153   107
   498   139    75    54   529    85     0   145   400   404    10   182
   264   146   136    69   166    50   145     0   622    53   513   402
    76   240    30   184   240    96   400   622     0   132   489   338
   585   369   112    34   263    42   404    53   132     0   648   575
   224   235   353   130   654   153    10   513   489   648     0   547
   297    44    17   569   184   107   182   402   338   575   547     0
